0:
  cost: 9.195116424560547
  train_error: 9.14133815765381
  valid_error: 8.590762933095297
1:
  cost: 9.018820667266846
  train_error: 8.685774755477905
  valid_error: 8.68744691212972
