0:
  cost: 1.1928333818912507
  train_error: 1.9038074612617493
  valid_error: 1.9553685188293457
1:
  cost: 1.1173230707645416
  train_error: 1.2005135893821717
  valid_error: 1.2419788837432861
