[result]
best_epoch=180
best_validation=0.4106890000000001
complete=1
cost_multiply_add=171
epoch=250
max_epoch=250
schedule=0
training=0.4325300000000001
validation=0.415829
[statistics]
Output=88
CostParameter=268
CostAdd=80
CostMultiply=38
CostMultiplyAdd=171
CostDivision=21
CostExp=21
CostIf=0
