0:
  cost: 1.192833423614502
  train_error: 1.903738784790039
  valid_error: 1.955299973487854
1:
  cost: 1.1173231542110442
  train_error: 1.200521743297577
  valid_error: 1.24198579788208
