0:
  cost: 8.259727334976196
  train_error: 7.859668254852295
  valid_error: 7.7783427238464355
