0:
  cost: 1.1928333818912507
  train_error: 1.9038074612617493
  valid_error: 1.9553685188293457
