0:
  cost: 4.9794816970825195
  train_error: 4.008887863159179
  valid_error: 4.107479095458984
