0:
  cost: 8.76644949913025
  train_error: 8.717052888870239
  valid_error: 8.198458830515543
1:
  cost: 8.599249792098998
  train_error: 8.286540412902832
  valid_error: 8.297266642252604
