0:
  cost: 8.778798484802246
  train_error: 8.727121067047118
  valid_error: 8.220681031545004
1:
  cost: 8.608045625686646
  train_error: 8.293043613433838
  valid_error: 8.311335563659668
