0:
  cost: 1.0534778892993928
  train_error: 1.425181269645691
  valid_error: 1.4343503713607788
